1814,0,0
2011,82707,82767
1829,148182,148263
1953,193784,181649
1870,194551,181205
1986,193836,180857
1822,193345,180630
1863,193078,180507
1830,192957,180439
1780,192951,180464
1588,193032,180509
1591,193177,180600
1441,193366,180686
1616,193587,180809
1629,193803,180930
1745,194038,181033
1674,194222,181140
1713,194372,181200
1730,194477,181269
1719,194592,181320
1648,194714,181397
1740,194905,181491
1715,195109,181606
1616,195279,181682
1605,195372,181714
1719,195372,181717
1668,195325,181674
1739,195240,181642
1666,195146,181586
1680,195033,181525
1599,194929,181467
1649,194864,181432
1648,194819,181405
1695,194809,181420
1709,194880,181450
1900,194981,181520
1776,195138,181599
1792,195333,181685
1894,195551,181802
1696,195805,181919
1735,196057,182057
1649,196323,182175
1654,196537,182298
1611,196681,182386
1625,196847,182482
1599,197020,182568
1654,197201,182658
1680,197391,182748
1802,197594,182844
2183,197780,182951
3119,197970,183033
2795,198127,183115
1831,198279,183177
1533,198399,183252
1535,198504,183286
1581,198557,183317
1666,198603,183327
1664,198646,183351
1712,198712,183373
1729,198779,183418
1805,198844,183452
1728,198901,183475
1828,198950,183500
1828,199016,183525
1953,199109,183584
1885,199203,183613
1925,199292,183667
1854,199372,183677
1968,199315,183652
1983,198863,183400
1935,197878,182882
1979,196615,182251
2085,195408,181655
2035,194427,181177
2087,193725,180851
1942,193283,180636
2016,193040,180528
1797,192983,180514
1908,193041,180559
1535,193183,180652
1680,193398,180764
1491,193640,180894
1535,193923,181028
1414,194224,181181
1629,194473,181307
1584,194682,181424
1607,194852,181496
1605,194958,181542
1747,195050,181591
1625,195145,181641
1669,195330,181740
1738,195565,181854
1713,195779,181967
1628,195949,182033
1685,196021,182092
1638,196061,182092
1741,196054,182098
1599,196020,182070
1803,195980,182057
1698,195957,182044
1790,195956,182052
1639,195964,182051
1815,196008,182073
1749,196082,182106
1716,196211,182167
1687,196370,182260
1836,196602,182354
1761,196856,182494
1858,197174,182643
1791,197499,182816
1904,197866,182993
1937,198214,183167
1903,198552,183330
1774,198845,183471
1727,199093,183587
1683,199307,183672
1794,199466,183758
1679,199603,183806
1843,199703,183872
1762,199816,183912
1779,199910,183959
1883,200008,184005
2275,200112,184068
3139,200224,184116
2512,200352,184186
1650,200496,184244
1456,200622,184314
1517,200723,184363
1495,200800,184401
1459,200851,184407
1601,200868,184417
1569,200886,184424
1613,200916,184432
1558,200948,184456
1634,201031,184486
1672,201141,184548
1680,201291,184615
1865,201449,184706
1749,201625,184776
1818,201780,184855
1822,201862,184884
1860,201644,184760
1851,200760,184302
1846,199248,183543
1834,197658,182764
1949,196244,182068
1936,195151,181551
1977,194424,181194
1863,193961,180976
1978,193757,180870
1719,193724,180869
1813,193829,180927
1670,194007,181034
1671,194227,181156
1520,194484,181281
1652,194768,181419
1535,195020,181540
1647,195218,181641
1629,195362,181700
1749,195429,181736
1686,195475,181750
1795,195519,181784
1759,195607,181819
1792,195746,181902
1729,195919,181986
1840,196060,182046
1770,196123,182075
1845,196123,182074
1703,196087,182056
1843,196029,182019
1778,195931,181978
1835,195837,181918
1737,195743,181882
1871,195696,181848
1707,195679,181852
1867,195719,181875
1701,195785,181907
1741,195876,181955
1808,196014,182020
1847,196166,182090
1664,196334,182163
2014,196525,182258
1869,196735,182357
1854,196951,182484
1802,197175,182586
1936,197393,182693
1739,197622,182811
1840,197819,182903
1731,198000,182977
1723,198157,183065
1680,198329,183144
1715,198510,183233
1751,198688,183323
1690,198879,183400
1747,199038,183496
1857,199168,183534
2160,199263,183596
2930,199336,183614
2598,199396,183650
1763,199460,183675
1484,199545,183725
1475,199647,183761
1535,199759,183825
1584,199884,183881
1526,200023,183945
1680,200171,184020
1648,200341,184092
1662,200494,184176
1625,200678,184249
1680,200844,184345
1664,201048,184424
1793,201235,184519
1771,201425,184610
1770,201593,184680
1909,201686,184712
1846,201593,184665
1878,200930,184323
1936,199607,183644
1936,198059,182888
2032,196654,182197
1993,195515,181654
1969,194723,181259
2081,194184,181007
1940,193894,180873
1895,193816,180844
1795,193874,180888
1711,194033,180977
1626,194281,181101
1637,194569,181253
1594,194886,181406
1622,195181,181543
1591,195437,181679
1726,195638,181764
1765,195747,181825
1770,195826,181848
1680,195875,181885
1739,195974,181923
1746,196093,182001
1776,196259,182073
1705,196374,182133
1851,196419,182139
1779,196402,182118
1857,196334,182096
1709,196256,182033
1772,196129,181988
1687,196018,181914
1818,195911,181867
1705,195844,181821
1817,195803,181814
1813,195819,181825
1795,195885,181866
1658,195992,181915
1815,196140,181979
1759,196315,182089
1903,196529,182176
1798,196748,182307
1983,197015,182422
1813,197281,182580
1866,197603,182711
1725,197900,182863
1707,198199,182997
1535,198455,183124
1677,198701,183239
1535,198900,183333
1698,199083,183419
1687,199246,183471
1777,199355,183538
1655,199464,183580
1873,199531,183620
2187,199595,183638
2896,199647,183662
2304,199699,183696
1584,199745,183715
1442,199769,183733
1442,199789,183730
1510,199801,183721
1502,199780,183722
1584,199789,183723
1621,199815,183731
1562,199838,183760
1750,199924,183785
1711,200006,183842
1810,200135,183878
1754,200258,183954
1810,200403,184016
1877,200560,184091
1817,200703,184146
1847,200790,184197
1911,200731,184167
1904,200267,183894
1943,199220,183360
2032,197898,182680
2058,196630,182076
2042,195608,181567
2031,194860,181211
2064,194352,180956
1968,194068,180833
1826,193974,180799
1719,194012,180829
1657,194160,180911
1554,194376,181036
1535,194642,181177
1643,194952,181320
1646,195228,181472
1647,195476,181579
1649,195649,181671
1670,195753,181722
1757,195825,181764
1701,195917,181786
1709,196047,181873
1781,196242,181961
1787,196431,182056
1682,196577,182124
1744,196642,182164
1648,196633,182159
1817,196568,182101
1786,196452,182062
1761,196326,181987
1713,196202,181922
1889,196084,181855
1726,195995,181813
1770,195943,181796
1781,195945,181812
1851,196004,181828
1863,196099,181892
1941,196235,181956
1830,196421,182049
1872,196631,182150
1890,196868,182267
1899,197108,182391
1722,197364,182497
1809,197598,182631
1715,197845,182737
1761,198065,182860
1664,198274,182943
1765,198445,183035
1680,198580,183083
1730,198689,183146
1802,198802,183197
2160,198935,183254
2917,199043,183324
2467,199183,183376
1557,199310,183449
1463,199412,183485
1371,199466,183526
1535,199522,183523
1535,199528,183547
1659,199561,183548
1655,199590,183569
1808,199653,183589
1775,199719,183614
1744,199802,183656
1766,199902,183706
1871,199999,183755
1866,200148,183830
1829,200294,183912
1922,200486,183981
1997,200592,184047
1905,200603,184023
2004,200154,183797
1994,199135,183249
2096,197786,182585
2037,196505,181940
2171,195451,181443
2071,194709,181086
2079,194216,180836
1989,193935,180723
1969,193843,180683
1787,193882,180715
1705,194017,180792
1619,194191,180906
1691,194439,181021
1631,194695,181158
1685,194949,181280
1708,195169,181383
1761,195333,181457
1716,195430,181493
1643,195482,181530
1731,195537,181555
1711,195617,181605
1827,195793,181694
1693,195995,181785
1849,196204,181891
1778,196319,181950
1696,196376,181968
1712,196348,181959
1751,196290,181924
1696,196216,181877
1744,196109,181836
1819,196016,181783
1793,195927,181740
1783,195881,181706
1744,195872,181722
1699,195938,181749
1791,196027,181818
1915,196202,181886
1882,196417,182003
1925,196655,182111
2038,196917,182245
1863,197177,182369
1853,197445,182503
1689,197693,182615
1759,197948,182746
1712,198190,182858
1839,198444,182972
1787,198656,183082
1808,198878,183183
1803,199048,183286
1854,199230,183353
2000,199381,183443
2608,199517,183499
3055,199620,183541
2304,199700,183582
1535,199773,183622
1600,199822,183641
1598,199857,183656
1657,199872,183676
1643,199858,183662
1691,199848,183659
1746,199855,183641
1901,199842,183663
1779,199870,183655
1914,199908,183691
1831,200000,183725
1907,200107,183786
1860,200266,183862
1970,200417,183937
1968,200555,183996
2004,200602,183994
1936,200338,183869
2035,199523,183419
1970,198224,182778
2083,196854,182081
1992,195634,181495
2012,194733,181054
2106,194107,180754
2023,193728,180581
1985,193538,180493
1917,193501,180486
1775,193584,180527
1706,193713,180612
1581,193897,180711
1712,194095,180809
1609,194289,180910
1693,194484,181011
1743,194648,181088
1779,194744,181134
1714,194783,181152
1827,194806,181140
1824,194791,181141
1854,194839,181161
1817,194946,181227
1850,195104,181296
1799,195230,181373
1737,195331,181405
1792,195358,181445
1699,195378,181425
1763,195333,181425
1773,195283,181386
1707,195211,181350
1719,195157,181314
1644,195133,181306
1636,195116,181295
1691,195135,181310
1672,195190,181341
1751,195284,181385
1675,195394,181469
1821,195576,181534
1886,195741,181622
1808,195937,181699
1843,196133,181808
1851,196345,181906
1845,196521,181996
1743,196675,182066
1745,196799,182127
1692,196913,182167
1648,197030,182228
1712,197154,182295
1678,197293,182351
1705,197434,182420
1696,197587,182496
1921,197741,182588
2179,197912,182668
3135,198038,182741
2286,198178,182787
1572,198263,182841
1273,198362,182875
1535,198431,182919
1573,198507,182939
1597,198574,182976
1630,198679,183024
1726,198788,183082
1699,198909,183145
1744,199072,183202
1648,199231,183301
1814,199432,183390
1797,199638,183490
1811,199880,183608
1791,200104,183721
1982,200322,183812
1814,200452,183876
1979,200290,183776
1885,199548,183370
2011,198262,182727
1965,196861,182023
1997,195570,181413
1998,194652,180958
2002,194010,180662
1935,193638,180482
1911,193465,180434
1821,193455,180428
1833,193533,180489
1530,193698,180580
1634,193907,180693
1493,194142,180815
1578,194381,180919
1579,194594,181038
1616,194760,181110
1721,194887,181167
1653,194962,181194
1661,194990,181220
1755,195048,181225
1697,195127,181280
1774,195271,181354
1725,195435,181449
1843,195586,181509
1817,195664,181541
1819,195695,181555
1712,195675,181538
1799,195606,181504
1732,195520,181439
1787,195407,181402
1775,195336,181355
1803,195278,181345
1792,195274,181328
1849,195307,181339
1749,195365,181376
1790,195463,181433
1830,195593,181506
1901,195759,181581
1919,195932,181667
1910,196123,181752
1854,196286,181842
1857,196489,181923
1744,196655,182005
1647,196832,182084
1648,197010,182182
1687,197186,182265
1712,197349,182341
1744,197511,182413
1696,197656,182489
1755,197820,182549
1754,197967,182620
1872,198069,182681
2421,198190,182735
2807,198284,182787
1998,198382,182824
1419,198435,182860
1465,198499,182873
1456,198518,182889
1504,198547,182894
1379,198571,182902
1507,198599,182915
1495,198629,182932
1737,198702,182966
1680,198803,183011
1727,198948,183094
1733,199115,183148
1812,199270,183247
1697,199440,183306
1799,199585,183383
1665,199702,183428
1882,199766,183454
1787,199628,183372
1915,199025,183042
1844,197932,182480
2033,196688,181852
2043,195534,181296
2063,194676,180866
1935,194057,180598
2031,193708,180429
1838,193542,180369
1845,193557,180386
1682,193665,180457
1680,193866,180571
1559,194111,180695
1651,194400,180854
1558,194704,180987
1734,194961,181129
1597,195185,181222
1757,195331,181302
1744,195461,181361
1786,195571,181417
1707,195692,181488
1869,195886,181583
1737,196116,181694
1903,196333,181802
1701,196456,181855
1814,196506,181873
1722,196460,181853
1827,196382,181809
1789,196264,181755
1866,196143,181681
1751,195976,181611
1930,195868,181532
1813,195792,181521
1921,195787,181500
1893,195813,181524
1985,195920,181587
1904,196068,181675
2001,196255,181761
2032,196447,181855
2043,196642,181956
1885,196867,182040
1887,197067,182152
1872,197289,182262
1883,197506,182367
1744,197717,182458
1904,197878,182540
1781,198031,182601
1846,198161,182668
1888,198317,182746
2128,198515,182834
2771,198701,182941
2736,198929,183043
1781,199108,183139
1469,199273,183210
1367,199373,183269
1520,199459,183298
1571,199483,183319
1584,199527,183313
1587,199581,183345
1642,199675,183392
1674,199780,183460
1678,199905,183507
1691,200038,183564
1650,200167,183633
1819,200333,183699
1795,200536,183807
1831,200798,183929
1871,201039,184065
1837,201195,184108
1853,200957,183983
1908,200088,183506
2005,198637,182794
2045,197109,182034
2083,195793,181393
2064,194819,180913
1987,194175,180602
2018,193805,180459
1913,193655,180398
1878,193651,180425
1702,193789,180492
1690,193971,180611
1649,194226,180743
1680,194503,180881
1562,194780,181022
1557,195044,181146
1555,195255,181244
1661,195394,181312
1618,195471,181339
1807,195507,181360
1695,195562,181392
1884,195689,181439
1712,195883,181557
1712,196093,181651
1771,196268,181745
1872,196378,181780
1754,196373,181788
1846,196352,181766
1748,196264,181727
1839,196144,181673
1759,196031,181605
1881,195918,181556
1779,195848,181512
1898,195802,181495
1914,195824,181509
2096,195851,181531
1950,195948,181573
1959,196059,181630
1874,196189,181682
2000,196292,181737
1773,196408,181783
1759,196500,181822
1745,196566,181848
1769,196642,181871
1746,196730,181921
1847,196812,181940
1771,196902,181991
1840,196976,182016
1729,197020,182045
2090,197062,182044
2700,197081,182057
3024,197104,182058
1942,197107,182064
1602,197103,182056
1461,197072,182033
1632,197010,181997
1607,196955,181962
1699,196890,181931
1777,196846,181899
1859,196801,181885
1776,196778,181866
1887,196766,181861
1818,196784,181864
1891,196816,181877
1919,196862,181901
2014,196920,181935
1936,196995,181985
1973,197048,182000
1903,197041,181996
2030,196795,181832
1968,196126,181478
2096,195206,180989
2176,194299,180535
2150,193545,180167
2160,192954,179881
2128,192536,179682
2203,192282,179570
2066,192156,179522
2094,192135,179533
1923,192191,179579
1851,192287,179639
1857,192411,179717
1845,192560,179791
1822,192721,179898
1813,192868,179975
1883,192991,180047
1927,193069,180074
1894,193134,180115
1863,193192,180150
1850,193266,180187
1872,193382,180252
1910,193537,180333
1885,193676,180403
1861,193790,180454
1829,193873,180497
1873,193913,180507
1856,193923,180531
1904,193926,180518
1830,193902,180518
1821,193884,180497
1762,193878,180515
1771,193922,180519
1770,193968,180556
1789,194055,180593
1781,194172,180655
1755,194327,180733
1897,194529,180813
1814,194744,180942
1829,195036,181073
1717,195300,181213
1787,195607,181356
1680,195895,181501
1588,196168,181644
1533,196450,181771
1666,196705,181896
1488,196946,182009
1598,197158,182116
1535,197371,182203
1535,197569,182315
1513,197759,182393
1774,197894,182468
1953,198025,182505
2756,198097,182560
2462,198177,182578
1582,198236,182609
1319,198289,182635
1472,198322,182660
1456,198331,182656
1491,198343,182656
1471,198355,182665
1611,198392,182686
1535,198444,182720
1595,198543,182759
1614,198664,182823
1715,198812,182892
1625,198998,182994
1697,199219,183098
1712,199457,183209
1732,199643,183289
1794,199764,183335
1885,199633,183265
1811,198947,182875
1839,197645,182224
1937,196177,181484
1985,194836,180847
1918,193889,180369
2032,193207,180062
1903,192820,179870
2000,192640,179817
1903,192622,179820
1874,192704,179881
1738,192859,179976
1723,193073,180088
1651,193285,180206
1595,193522,180297
1728,193683,180392
1751,193824,180443
1705,193893,180483
1787,193933,180480
1859,193919,180489
1887,193930,180483
1893,193989,180521
1840,194098,180573
1856,194225,180640
1886,194299,180677
1882,194334,180686
1840,194330,180695
1863,194322,180671
1745,194270,180663
1809,194241,180629
1744,194186,180620
1693,194144,180589
1707,194146,180593
1797,194157,180594
1763,194189,180617
1761,194259,180646
1706,194361,180685
1767,194466,180750
1791,194627,180805
1906,194789,180901
1700,194960,180972
1888,195119,181063
1709,195309,181149
1684,195467,181229
1609,195641,181307
1618,195848,181403
1489,196025,181502
1625,196189,181585
1632,196341,181646
1632,196455,181692
1503,196496,181722
1665,196541,181736
1719,196586,181767
2263,196643,181768
2832,196684,181799
2015,196726,181801
1366,196721,181819
1246,196743,181806
1499,196740,181817
1581,196716,181795
1520,196676,181779
1637,196636,181764
1520,196622,181740
1680,196633,181760
1535,196672,181773
1707,196727,181809
1643,196836,181849
1563,196944,181920
1716,197087,181977
1805,197220,182060
1712,197345,182099
1757,197390,182119
1683,197253,182026
1758,196687,181711
1787,195704,181191
1977,194625,180637
1840,193697,180195
1920,192991,179844
1846,192483,179616
1926,192177,179474
1888,192023,179420
1872,191989,179407
1682,192022,179447
1623,192099,179498
1471,192233,179577
1489,192388,179661
1531,192534,179722
1535,192655,179794
1478,192744,179810
1648,192799,179859
1602,192830,179857
1670,192843,179867
1664,192889,179881
1643,192970,179942
1653,193075,179974
1713,193153,180022
1735,193206,180048
1619,193232,180055
1767,193227,180058
1806,193198,180021
1737,193119,180002
1707,193068,179947
1743,192971,179910
1600,192906,179858
1691,192853,179835
1805,192826,179808
1723,192840,179828
1783,192875,179838
1904,192949,179898
1822,193066,179946
1881,193188,180010
1868,193310,180078
1895,193458,180141
1735,193564,180212
1724,193709,180266
1731,193809,180327
1771,193936,180375
1703,194056,180451
1785,194185,180514
1739,194302,180563
1837,194388,180611
1939,194458,180645
2443,194524,180680
3025,194590,180700
2559,194630,180727
1843,194656,180726
1799,194655,180741
1723,194666,180730
1910,194660,180723
1747,194653,180711
1680,194610,180698
1650,194574,180676
1613,194574,180677
1634,194547,180655
1730,194513,180641
1687,194482,180609
1854,194439,180583
1790,194395,180562
1877,194358,180525
1840,194307,180502
2085,194265,180463
2375,194157,180413
2634,193897,180252
2673,193358,179959
2681,192691,179608
2691,192025,179270
3062,191421,178976
3018,190896,178729
3203,190467,178542
3023,190165,178405
2782,189942,178326
2363,189825,178267
2448,189784,178266
2171,189810,178269
2225,189839,178285
2112,189885,178312
2323,189942,178335
2130,190003,178360
2160,190054,178399
2177,190082,178411
2158,190113,178440
2134,190150,178466
2149,190218,178503
2094,190312,178554
2075,190410,178601
1917,190486,178657
2014,190546,178675
1981,190537,178688
2161,190521,178665
2315,190441,178626
2384,190384,178572
2382,190294,178527
2538,190205,178458
2489,190124,178411
2559,190082,178381
2482,190066,178373
2688,190081,178371
2373,190106,178394
2293,190168,178422
2116,190230,178463
2147,190313,178518
1900,190430,178576
1950,190570,178661
1751,190714,178726
1697,190815,178792
1606,190920,178814
1648,190983,178863
1601,191061,178875
1614,191104,178903
1661,191147,178910
2020,191150,178916
2697,191161,178901
2788,191143,178897
1871,191122,178851
1621,191055,178811
1581,190988,178741
1625,190927,178715
1803,190902,178704
1806,190896,178715
1739,190908,178715
1818,190937,178722
1807,190950,178734
1771,190970,178730
1844,190966,178741
1707,190998,178736
1776,191006,178738
1744,191040,178730
1777,191048,178749
1843,191090,178736
1840,191044,178721
1590,190869,178609
1456,190476,178379
1377,189964,178082
1356,189373,177786
1191,188772,177478
1459,188205,177216
1532,187687,176977
1555,187257,176793
1275,186891,176625
1375,186631,176476
1285,186401,176377
1445,186259,176281
1476,186132,176218
1595,186064,176164
1582,185976,176135
1705,185931,176110
1664,185892,176092
1761,185823,176059
1696,185735,176039
1887,185693,176006
1727,185647,175980
1601,185622,175999
1527,185630,176003
1759,185632,176019
1481,185633,176005
1476,185599,175989
1358,185532,175947
1579,185438,175907
1389,185329,175853
1373,185246,175797
1429,185138,175747
1559,185057,175692
1453,184968,175660
1587,184906,175621
1497,184844,175604
1761,184835,175583
1738,184815,175601
1970,184836,175595
1778,184851,175606
2009,184877,175600
1991,184864,175598
2041,184901,175592
1907,184922,175608
2115,184960,175609
2194,185002,175633
2237,185072,175657
2283,185138,175677
2439,185188,175711
2445,185271,175725
2523,185331,175748
2715,185400,175761
3136,185458,175791
4095,185535,175794
3202,185587,175830
2236,185647,175850
2176,185712,175873
2269,185774,175902
2340,185841,175923
2291,185928,175976
2428,185991,175996
2389,186068,176044
2419,186156,176069
2479,186244,176121
2388,186337,176168
2458,186449,176223
2345,186556,176268
2538,186646,176320
2363,186719,176328
2432,186796,176347
2311,186790,176320
2443,186681,176231
2437,186387,176061
2439,185943,175803
2352,185403,175525
2400,184799,175209
2292,184174,174910
2267,183623,174657
2179,183153,174463
2172,182827,174316
1986,182596,174246
1834,182482,174216
1619,182442,174228
1643,182453,174268
1573,182489,174322
1534,182548,174372
1510,182628,174427
1479,182677,174460
1500,182724,174480
1520,182765,174518
1447,182800,174534
1568,182875,174563
1565,182967,174592
1569,183071,174654
1437,183196,174694
1437,183294,174751
1375,183381,174773
1570,183417,174797
1415,183431,174778
1443,183423,174777
1515,183404,174764
1443,183408,174766
1431,183406,174787
1456,183452,174820
1389,183514,174880
1397,183618,174919
1365,183709,174982
1425,183812,175020
1414,183947,175095
1453,184074,175164
1477,184216,175251
1600,184393,175354
1535,184584,175446
1583,184741,175532
1479,184905,175595
1629,185022,175644
1609,185134,175669
1745,185239,175710
1696,185348,175755
1637,185477,175833
1535,185667,175921
1588,185811,176016
1489,185974,176093
1585,186114,176181
1603,186254,176258
1713,186379,176320
1651,186485,176380
1671,186577,176424
1682,186652,176458
1695,186702,176450
1855,186736,176455
2059,186754,176425
2726,186772,176412
2554,186832,176416
1535,186884,176445
1373,187003,176476
1286,187086,176537
1314,187221,176614
1468,187351,176695
1426,187495,176773
1566,187613,176850
1567,187739,176916
1619,187855,176998
1747,187949,177046
1792,188009,177045
1794,188029,177027
1939,188016,176979
2081,187996,176927
2176,187967,176876
2237,187944,176835
2287,187814,176737
2331,187499,176529
2494,187009,176254
2486,186424,175966
2639,185810,175690
2503,185187,175424
2254,184576,175185
1806,184067,174959
1535,183622,174791
1428,183287,174647
1361,183040,174547
1387,182868,174476
1446,182721,174407
1472,182614,174357
1535,182535,174317
1581,182442,174253
1618,182332,174198
1641,182209,174132
1670,182081,174049
1761,181968,174020
2055,181901,173982
2251,181867,174005
2341,181858,174013
2352,181874,174045
2246,181859,174053
2161,181817,174057
2286,181783,174042
2448,181735,174036
2667,181689,174034
2897,181642,174023
2949,181586,174004
2981,181549,173989
3097,181543,173998
3163,181577,174025
3166,181647,174094
3169,181797,174184
3152,181962,174302
3159,182181,174422
3216,182415,174550
3179,182654,174681
3031,182920,174814
2697,183184,174963
2289,183465,175110
2317,183756,175268
2603,184057,175415
2545,184336,175554
2691,184626,175698
2693,184888,175833
2474,185159,175953
2103,185411,176079
1707,185645,176174
1202,185858,176277
1071,186018,176323
1139,186133,176375
1808,186245,176397
960,186331,176429
242,186453,176490
0,186560,176542
49,186636,176576
0,186727,176624
281,186821,176672
192,186933,176722
310,187032,176801
161,187151,176851
355,187250,176919
209,187357,176954
347,187441,177001
326,187534,177032
499,187612,177087
439,187707,177131
444,187817,177179
560,187896,177226
699,187929,177245
730,187833,177177
874,187499,176972
835,186972,176708
1008,186405,176412
1008,185848,176161
1039,185358,175913
1168,184923,175734
1102,184583,175571
961,184331,175466
896,184156,175383
896,184072,175363
928,184061,175352
867,184102,175374
929,184163,175406
908,184275,175457
932,184379,175523
967,184493,175581
1011,184581,175650
1097,184679,175676
1093,184762,175747
1119,184860,175783
1168,184970,175852
1288,185107,175919
1248,185231,175997
1355,185330,176047
1450,185385,176071
1503,185414,176097
1602,185410,176078
1584,185396,176084
1439,185393,176063
1676,185368,176056
1517,185377,176055
1529,185401,176069
1562,185447,176102
1561,185506,176150
1521,185597,176203
1648,185728,176274
1646,185864,176359
1971,186013,176424
2001,186156,176510
2112,186341,176579
2158,186491,176664
2278,186672,176733
2221,186825,176828
2243,186992,176886
2015,187127,176954
2129,187256,176998
1997,187362,177046
1975,187471,177098
1904,187589,177144
1853,187708,177204
1680,187828,177248
1848,187924,177322
2132,188038,177363
2943,188132,177425
2019,188213,177443
1511,188258,177472
1266,188301,177477
1520,188344,177483
1456,188361,177496
1722,188414,177501
1630,188444,177514
1777,188503,177531
1729,188542,177558
1811,188618,177582
1712,188681,177627
1837,188789,177670
1731,188903,177743
1843,189046,177798
1623,189176,177873
1643,189329,177953
1630,189441,178007
1699,189420,177983
1665,189107,177784
1751,188543,177472
1713,187892,177115
1904,187242,176821
1754,186686,176536
1984,186210,176320
1859,185866,176175
1935,185615,176075
1798,185467,176018
1776,185402,176003
1651,185405,176028
1631,185476,176069
1648,185583,176150
1683,185707,176212
1567,185833,176305
1783,185978,176366
1675,186071,176433
1742,186168,176472
1738,186216,176508
1766,186270,176534
1693,186347,176572
1829,186426,176624
1686,186530,176672
1721,186613,176732
1691,186673,176748
1711,186703,176779
1643,186702,176764
1648,186673,176755
1669,186655,176732
1617,186613,176717
1584,186571,176688
1519,186548,176682
1581,186552,176684
1669,186570,176684
1618,186606,176713
1655,186660,176731
1617,186722,176778
1683,186830,176814
1680,186887,176854
1679,186984,176887
1751,187082,176924
1749,187166,176980
1883,187271,177016
1887,187379,177061
1854,187465,177086
1954,187543,177131
1939,187631,177162
1856,187697,177201
1918,187795,177229
1792,187862,177265
1882,187957,177285
1957,188034,177342
1919,188128,177372
1773,188218,177422
1978,188323,177465
1856,188414,177501
2132,188496,177535
2643,188580,177568
2896,188663,177626
1915,188778,177677
1638,188886,177747
1364,189025,177797
1498,189150,177865
1426,189294,177942
1445,189436,178010
1367,189596,178080
1535,189731,178156
1417,189855,178221
1493,189989,178284
1434,190125,178362
1427,190266,178417
1379,190401,178510
1434,190545,178555
1377,190669,178628
1492,190773,178671
1428,190836,178688
1578,190743,178623
1468,190320,178376
1650,189577,177956
1471,188790,177554
1664,188080,177208
1563,187482,176924
1669,187000,176708
1519,186638,176536
1650,186353,176417
1515,186178,176323
1571,186067,176287
1386,186033,176267
1411,186037,176289
1232,186086,176315
1402,186150,176351
1399,186236,176384
1521,186304,176433
1525,186363,176447
1530,186388,176458
1431,186387,176470
1604,186421,176471
1531,186438,176500
1609,186483,176504
1589,186528,176543
1632,186570,176545
1597,186551,176533
1616,186502,176504
1535,186445,176469
1583,186360,176419
1535,186274,176374
1602,186176,176335
1527,186098,176284
1619,186041,176281
1662,186010,176269
1617,185995,176281
1706,186031,176297
1740,186074,176347
1682,186180,176406
1744,186274,176454
1747,186401,176520
1634,186540,176593
1578,186682,176674
1488,186858,176757
1482,187043,176861
1488,187232,176948
1561,187405,177043
1605,187584,177114
1630,187746,177210
1646,187941,177297
1728,188132,177401
2105,188303,177484
2880,188479,177568
2263,188602,177622
1475,188719,177658
1333,188772,177683
1366,188820,177696
1533,188842,177705
1508,188892,177703
1510,188914,177733
1567,188964,177736
1513,189005,177763
1689,189064,177789
1620,189130,177817
1674,189194,177851
1558,189273,177882
1666,189361,177932
1588,189477,177979
1571,189613,178048
1747,189737,178094
1773,189768,178114
1715,189653,178020
1866,189256,177796
1652,188669,177464
1827,188048,177159
1772,187496,176892
1840,187012,176680
1806,186641,176519
1808,186377,176406
1618,186192,176338
1579,186103,176308
1463,186077,176327
1529,186146,176352
1392,186216,176423
1451,186360,176496
1504,186517,176583
1584,186691,176662
1355,186823,176730
1659,186951,176801
1535,187050,176844
1675,187119,176883
1562,187184,176909
1535,187245,176961
1523,187343,176996
1621,187455,177059
1577,187542,177083
1535,187562,177112
1473,187582,177117
1535,187568,177109
1491,187549,177098
1531,187514,177070
1477,187463,177026
1535,187422,176987
1486,187382,176983
1657,187391,176980
1596,187396,177000
1638,187451,177031
1698,187516,177067
1703,187622,177109
1408,187735,177175
1505,187863,177239
1377,188015,177318
1488,188172,177409
1395,188361,177502
1525,188540,177604
1466,188725,177685
1493,188895,177775
1517,189098,177842
1658,189256,177933
2020,189431,178009
2832,189586,178088
2193,189754,178170
1341,189889,178229
1341,190018,178292
1357,190139,178348
1439,190264,178413
1472,190368,178452
1472,190463,178499
1392,190558,178542
1217,190644,178592
1215,190715,178611
1143,190768,178641
1179,190850,178673
1190,190932,178707
1066,191034,178754
1230,191142,178811
973,191253,178863
1241,191332,178890
1171,191308,178873
1267,190996,178672
1313,190299,178295
1347,189469,177858
1441,188717,177487
1486,188092,177188
1472,187595,176967
1638,187253,176813
1445,187023,176722
1479,186907,176674
1397,186857,176665
1402,186865,176701
1259,186967,176735
1343,187073,176813
1296,187222,176880
1404,187386,176972
1423,187567,177061
1559,187725,177143
1587,187851,177193
1610,187946,177237
1514,187988,177271
1712,188063,177296
1633,188152,177348
1715,188259,177389
1627,188342,177442
1682,188404,177466
1535,188418,177478
1706,188423,177461
1669,188386,177442
1765,188340,177424
1661,188291,177397
1707,188244,177373
1693,188211,177338
1805,188183,177336
1615,188187,177332
1909,188197,177354
1851,188253,177371
1863,188308,177394
1850,188403,177446
1905,188528,177507
1805,188673,177582
1856,188832,177672
1592,189022,177755
1802,189210,177854
1729,189408,177955
1732,189622,178055
1660,189813,178160
1743,190022,178252
1718,190197,178338
1869,190378,178420
2089,190581,178527
2928,190755,178608
2467,190923,178684
1556,191061,178747
1376,191193,178795
1479,191286,178864
1489,191404,178893
1497,191493,178960
1616,191593,179003
1605,191670,179034
1641,191752,179086
1690,191807,179099
1642,191878,179115
1713,191944,179137
1683,192030,179191
1728,192154,179236
1708,192279,179317
1695,192424,179350
1756,192509,179403
1687,192475,179360
1719,192106,179155
1691,191309,178719
1777,190321,178200
1777,189453,177779
1761,188785,177458
1847,188287,177207
1831,187938,177057
1762,187714,176969
1712,187613,176915
1594,187559,176917
1579,187592,176923
1491,187672,176984
1535,187796,177049
1409,187982,177137
1567,188134,177215
1490,188320,177315
1533,188474,177388
1470,188597,177437
1648,188694,177498
1535,188772,177507
1710,188851,177556
1565,188949,177597
1584,189045,177646
1534,189105,177650
1564,189143,177669
1529,189129,177650
1456,189091,177632
1289,189024,177598
1293,188963,177556
1090,188881,177520
1103,188822,177483
830,188751,177465
666,188735,177427
560,188716,177432
481,188747,177445
336,188800,177490
295,188890,177520
208,188980,177587
221,189104,177632
257,189269,177714
368,189412,177791
162,189583,177871
269,189749,177957
206,189944,178046
335,190137,178142
298,190311,178216
463,190477,178299
493,190660,178392
593,190848,178494
638,191048,178594
869,191244,178703
1332,191432,178808
2096,191615,178891
1285,191707,178923
750,191773,178930
573,191798,178963
815,191876,178987
692,191962,179043
930,192047,179077
887,192138,179116
1089,192200,179136
1085,192252,179160
1147,192275,179153
1136,192309,179169
1251,192382,179209
1149,192498,179266
1377,192674,179365
1321,192887,179466
1418,193072,179580
1424,193247,179648
1535,193268,179654
1443,192890,179413
1682,191987,178944
1633,190908,178378
1741,189974,177925
1751,189309,177595
1753,188838,177378
1776,188548,177260
1712,188389,177198
1749,188339,177198
1673,188384,177230
1535,188504,177318
1615,188693,177419
1442,188937,177559
1552,189210,177692
1520,189490,177849
1583,189768,177973
1621,190006,178090
1622,190217,178182
1622,190365,178271
1761,190519,178336
1771,190679,178405
1705,190854,178510
1819,191032,178593
1727,191143,178654
1811,191178,178659
1749,191127,178650
1793,191054,178585
1726,190940,178545
1873,190828,178452
1729,190688,178394
1783,190570,178327
1786,190501,178292
1925,190470,178279
1879,190484,178296
1987,190554,178330
1894,190640,178377
1971,190745,178435
1887,190893,178496
2061,191036,178592
1903,191239,178671
1936,191395,178762
1811,191588,178838
1827,191796,178944
1802,191993,179036
1905,192196,179135
1812,192408,179239
1909,192596,179339
1844,192786,179425
2046,192952,179484
2382,193097,179568
3139,193244,179622
2313,193351,179674
1774,193420,179703
1564,193451,179698
1713,193462,179700
1605,193473,179704
1843,193482,179702
1717,193478,179702
1789,193508,179712
1807,193528,179720
1920,193552,179731
1890,193569,179718
1950,193568,179731
1802,193601,179736
1922,193668,179770
1783,193750,179816
1811,193856,179865
1894,193950,179905
1993,193887,179863
1936,193492,179631
2030,192632,179167
1984,191594,178637
2123,190661,178168
1886,189985,177860
2112,189526,177633
2018,189217,177520
2123,189049,177445
1915,188995,177445
1890,189027,177465
1852,189124,177537
1879,189281,177617
1674,189479,177710
1915,189694,177809
1904,189909,177920
1891,190124,178033
1899,190368,178137
1963,190558,178247
1898,190718,178328
1946,190821,178385
2006,190916,178419
2097,191008,178455
1993,191113,178498
1995,191168,178528
1936,191182,178523
1945,191153,178499
1997,191078,178477
1974,190984,178426
2151,190847,178343
2041,190689,178241
2046,190556,178188
1978,190504,178147
2026,190482,178170
2160,190537,178204
2128,190642,178289
2103,190796,178375
2149,190986,178472
2183,191187,178564
1947,191393,178651
1923,191584,178753
2032,191822,178856
1879,192047,178980
2074,192323,179100
1893,192604,179255
2029,192877,179364
1995,193092,179475
2086,193270,179557
2140,193436,179628
2669,193558,179680
3334,193674,179721
2610,193745,179761
1712,193822,179786
1728,193892,179839
1812,193964,179856
1937,194000,179879
1857,194021,179867
2000,194002,179869
1915,194008,179862
1985,194006,179855
1986,194017,179862
1991,194055,179873
1964,194112,179913
2128,194200,179935
1974,194277,179975
2231,194386,180000
2067,194455,180040
2133,194479,180030
2192,194292,179926
2292,193712,179585
2172,192732,179067
2293,191633,178525
2265,190735,178088
2366,190070,177781
2247,189593,177559
2387,189266,177437
2234,189099,177369
2287,189030,177367
2003,189060,177388
2019,189142,177441
1763,189298,177502
1872,189454,177582
1851,189622,177656
1948,189780,177706
1917,189910,177767
2069,190037,177820
2012,190114,177848
2113,190202,177900
1897,190318,177955
2096,190438,178018
2034,190595,178116
2062,190751,178181
2007,190834,178226
2101,190858,178218
1987,190811,178199
2017,190746,178154
1904,190659,178108
1994,190571,178062
1968,190495,178026
2147,190425,177996
2075,190369,177939
2074,190323,177930
1943,190331,177923
2163,190345,177948
1973,190404,177967
1963,190479,178030
1843,190593,178082
1894,190755,178174
1913,190929,178252
1951,191135,178366
1937,191368,178471
1957,191587,178573
1995,191774,178677
2179,191952,178738
2559,192093,178809
3315,192217,178846
2494,192276,178881
1755,192337,178893
1712,192393,178925
1767,192466,178955
1738,192516,178984
1922,192584,179011
2021,192625,179037
1927,192663,179059
1989,192677,179050
1877,192650,179039
1987,192608,179001
2018,192589,178984
2103,192610,179000
2079,192677,179041
2208,192790,179083
2044,192871,179133
2294,192896,179141
2175,192753,179047
2427,192278,178754
2375,191490,178341
2521,190663,177911
2465,189966,177565
2704,189404,177304
2663,188976,177102
2701,188647,176972
2512,188459,176885
2660,188320,176841
2270,188275,176818
2406,188260,176820
2125,188303,176838
2160,188374,176873
2131,188459,176918
2227,188537,176956
2133,188602,176983
2209,188664,177017
2087,188693,177034
2302,188704,177028
2105,188718,177030
2218,188757,177041
2076,188812,177083
2159,188890,177112
2057,188922,177142
2158,188926,177130
2058,188894,177111
2193,188836,177079
2136,188775,177034
2333,188695,176968
2106,188590,176906
2277,188508,176846
2177,188429,176805
2318,188369,176775
1937,188429,176830
1988,188485,176876
2008,188560,176914
1903,188650,176962
1979,188732,176993
2000,188830,177030
1901,188919,177094
2047,189052,177155
2363,189161,177227
3177,189295,177262
2293,189392,177328
1646,189484,177344
1589,189555,177391
1591,189621,177403
1530,189698,177429
1661,189767,177462
1686,189870,177541
1658,190016,177628
1626,190180,177703
1645,190311,177790
1649,190418,177822
1699,190475,177856
1611,190511,177853
1677,190546,177868
1713,190604,177874
1671,190667,177914
1661,190740,177945
1710,190687,177921
1702,190378,177730
1755,189804,177424
1820,189159,177076
1877,188570,176779
1829,188048,176535
1818,187627,176335
1840,187285,176198
1693,187055,176095
1707,186903,176044
1479,186835,176025
1633,186839,176032
1523,186875,176065
1600,186951,176115
1611,187042,176165
1639,187137,176217
1616,187225,176274
1799,187312,176311
1691,187364,176340
1765,187405,176359
1718,187442,176377
1767,187508,176393
1751,187552,176430
1795,187616,176447
1791,187623,176460
1808,187636,176449
1737,187599,176437
1905,187571,176396
1871,187507,176383
1840,187443,176347
1936,187395,176315
1958,187344,176307
1840,187307,176280
1795,187293,176285
1697,187300,176280
1760,187314,176301
1723,187367,176308
1796,187419,176351
1710,187501,176384
1671,187581,176430
1680,187674,176463
1770,187764,176519
1878,187875,176555
2551,187978,176610
2784,188069,176646
2080,188168,176687
1424,188246,176724
1430,188347,176769
1488,188421,176796
1569,188487,176826
1633,188554,176862
1675,188614,176870
1667,188651,176900
1723,188712,176911
1681,188748,176937
1743,188799,176940
1685,188854,176973
1790,188897,176992
1744,188950,177016
1802,189000,177037
1712,189030,177047
1905,189032,177047
1790,188936,176971
1834,188651,176798
1824,188157,176512
1964,187609,176228
2005,187044,175953
2035,186495,175701
2013,186017,175483
2059,185601,175297
2036,185270,175147
2015,185054,175055
1990,184913,175011
1861,184873,175015
1717,184883,175044
1679,184937,175079
1666,184998,175135
1630,185094,175168
1701,185169,175217
1706,185230,175266
1713,185281,175295
1795,185331,175324
1738,185395,175367
1693,185478,175414
1761,185577,175479
1713,185662,175523
1725,185744,175561
1712,185771,175570
1711,185792,175578
1648,185777,175560
1735,185757,175564
1632,185731,175543
1711,185702,175530
1674,185674,175524
1808,185672,175525
1790,185698,175531
1767,185718,175561
1782,185784,175584
1706,185856,175640
1651,185976,175680
1664,186095,175748
1529,186225,175811
1631,186370,175896
1466,186541,175963
1616,186700,176045
1568,186867,176126
1780,187045,176204
1643,187196,176297
1817,187375,176369
2224,187510,176446
2727,187660,176504
1837,187775,176568
1584,187868,176614
1346,187965,176661
1590,188030,176677
1535,188101,176722
1606,188179,176750
1613,188246,176791
1747,188313,176832
1715,188387,176853
1841,188439,176893
1773,188520,176915
1834,188608,176967
1776,188680,176990
1869,188739,177029
1856,188796,177049
1946,188828,177056
2013,188770,177018
2062,188516,176866
1984,187991,176575
2109,187372,176237
2096,186753,175935
2131,186194,175673
2157,185703,175436
2179,185284,175259
2086,184935,175110
2110,184689,174994
1934,184512,174931
1950,184431,174891
1840,184397,174893
1888,184396,174911
1755,184422,174922
1825,184423,174950
1919,184447,174955
1938,184438,174977
1895,184428,174963
2047,184394,174959
1918,184363,174950
2110,184356,174966
2075,184385,174990
1986,184433,175015
2025,184457,175024
2032,184459,175035
1952,184431,175030
2021,184416,174997
1920,184350,174981
2081,184302,174947
2015,184234,174925
1939,184185,174895
2075,184135,174886
1970,184104,174851
2086,184094,174864
1995,184107,174864
2112,184133,174890
2114,184191,174909
2066,184252,174949
2041,184336,175000
2141,184453,175050
1933,184558,175112
1974,184693,175173
1875,184806,175248
1990,184962,175302
1815,185073,175381
1840,185222,175441
1978,185358,175494
1938,185481,175559
1831,185587,175600
2039,185707,175647
2337,185807,175704
3085,185901,175746
2535,186008,175785
1801,186093,175830
1631,186203,175863
1742,186278,175911
1684,186365,175929
1866,186437,175978
1744,186533,176015
1840,186624,176058
1802,186725,176091
1861,186805,176136
1795,186928,176185
1899,187033,176243
1875,187150,176297
1750,187290,176358
1883,187409,176417
1907,187531,176471
1738,187604,176519
1806,187543,176440
1808,187189,176246
1805,186669,175947
1711,186067,175652
1846,185492,175365
1811,184982,175147
1893,184563,174961
1733,184214,174808
1838,183949,174713
1646,183780,174637
1636,183685,174615
1515,183656,174608
1405,183678,174654
1441,183754,174691
1553,183808,174743
1383,183882,174779
1616,183916,174830
1501,183960,174845
1594,183975,174870
1527,184001,174881
1563,184041,174916
1578,184098,174965
1601,184191,175009
1473,184267,175060
1578,184346,175097
1584,184387,175126
1602,184423,175139
1635,184411,175131
1642,184428,175121
1535,184402,175112
1654,184391,175097
1647,184374,175093
1657,184385,175090
1617,184423,175104
1704,184447,175123
1703,184521,175158
1650,184586,175190
1651,184681,175232
1651,184782,175287
1655,184903,175330
1851,185016,175393
1741,185137,175448
1739,185259,175511
1897,185389,175567
1803,185509,175634
1851,185635,175691
1881,185783,175741
1854,185893,175824
1782,186039,175882
1712,186160,175929
1673,186277,175983
1773,186386,176036
1765,186490,176083
1715,186596,176141
1788,186699,176175
1866,186799,176220
1884,186887,176263
2343,186973,176285
2998,187055,176328
2351,187144,176361
1557,187235,176419
1518,187325,176444
1616,187414,176486
1631,187505,176519
1663,187589,176560
1643,187673,176603
1712,187770,176650
1766,187873,176705
1750,187998,176751
1732,188112,176814
1641,188253,176867
1826,188379,176940
1831,188542,177015
1815,188689,177100
1714,188833,177147
1874,188876,177176
1802,188705,177058
1825,188204,176768
1839,187517,176401
1969,186846,176068
1949,186231,175786
1965,185717,175533
1779,185299,175372
1946,184995,175235
1795,184775,175165
1833,184674,175109
1628,184632,175130
1687,184664,175138
1392,184717,175191
1535,184803,175239
1472,184903,175308
1486,184988,175350
1484,185052,175395
1650,185101,175440
1458,185125,175443
1695,185152,175477
1520,185221,175509
1612,185287,175571
1535,185388,175620
1731,185440,175677
1517,185509,175688
1649,185524,175710
1627,185545,175722
1648,185548,175708
1527,185540,175717
1687,185529,175714
1659,185511,175707
1636,185506,175689
1582,185500,175705
1658,185530,175701
1516,185572,175750
1607,185649,175773
1524,185715,175824
1585,185834,175871
1585,185948,175943
1572,186080,175994
1522,186224,176080
1664,186380,176151
1603,186536,176218
1578,186679,176288
1535,186816,176354
1558,186955,176417
1553,187075,176461
1530,187184,176515
1520,187323,176573
1522,187432,176635
1417,187558,176691
1433,187680,176761
1491,187813,176813
1520,187930,176873
1532,188042,176911
1489,188123,176957
1520,188221,176995
1886,188300,177023
2558,188376,177067
2242,188472,177102
1419,188538,177131
1229,188620,177148
1255,188670,177187
1313,188739,177214
1407,188819,177257
1318,188916,177282
1563,189000,177338
1507,189109,177377
1527,189232,177432
1493,189354,177496
1662,189506,177562
1567,189659,177651
1595,189838,177718
1617,189997,177801
1792,190157,177873
1663,190273,177918
1827,190265,177897
1723,189956,177723
1840,189300,177364
1819,188487,176945
1956,187763,176592
1879,187153,176304
1990,186676,176085
1861,186328,175931
1857,186087,175844
1809,185968,175787
1815,185909,175782
1687,185935,175807
1728,186002,175850
1535,186123,175924
1616,186252,175987
1599,186390,176064
1729,186522,176129
1571,186635,176190
1773,186705,176212
1659,186742,176243
1797,186794,176272
1726,186831,176302
1840,186920,176341
1744,186976,176388
1887,187048,176401
1834,187081,176431
1835,187082,176425
1853,187039,176406
1959,186996,176376
1770,186935,176338
1865,186847,176310
1791,186806,176282
1971,186781,176280
1863,186786,176270
1943,186806,176299
1936,186862,176324
1970,186913,176373
1891,187010,176415
1997,187115,176464
1973,187237,176523
1959,187364,176591
2009,187473,176632
2069,187623,176697
1923,187748,176758
1968,187874,176817
1868,188009,176873
1855,188149,176941
1857,188285,177009
1905,188415,177068
1842,188534,177143
1869,188655,177188
1979,188751,177240
2030,188838,177269
2006,188911,177311
2498,188998,177340
3130,189065,177383
2288,189128,177406
1695,189185,177447
1601,189237,177450
1757,189282,177469
1715,189322,177506
1805,189392,177516
1838,189447,177560
1794,189511,177586
1808,189598,177624
1844,189681,177666
1763,189776,177710
1907,189893,177761
1808,190033,177815
1968,190162,177891
1770,190308,177957
1904,190446,178022
1886,190548,178066
1954,190572,178082
1987,190358,177936
1988,189790,177636
2009,189064,177257
2092,188364,176921
2011,187803,176643
1986,187359,176439
2037,187041,176296
2010,186838,176215
1857,186747,176190
1765,186726,176188
1673,186773,176234
1735,186883,176287
1535,187011,176379
1696,187184,176446
1721,187328,176536
1833,187490,176601
1712,187615,176680
1802,187736,176719
1761,187807,176780
1861,187918,176820
1702,188022,176884
1950,188151,176948
1745,188279,177012
1851,188362,177053
1725,188370,177045
1867,188343,177029
1824,188293,176997
1903,188212,176976
1764,188149,176931
1940,188058,176887
1827,188000,176851
1883,187957,176830
1833,187941,176824
1934,187947,176835
1968,187995,176865
2044,188058,176913
1936,188155,176957
1970,188257,177003
2030,188381,177076
1921,188517,177117
1825,188640,177202
1875,188782,177248
1675,188904,177319
1839,189045,177379
1710,189175,177438
1857,189312,177498
1747,189426,177558
1797,189550,177617
1873,189649,177646
2330,189734,177705
2851,189837,177737
2128,189914,177784
1481,189996,177806
1397,190058,177848
1446,190134,177877
1562,190185,177900
1575,190241,177919
1669,190275,177932
1598,190325,177941
1589,190358,177958
1648,190398,177991
1668,190474,178007
1607,190538,178048
1717,190615,178068
1626,190716,178122
1680,190812,178166
1636,190896,178205
1586,190963,178223
1651,190894,178188
1681,190553,177982
1622,189925,177643
1744,189166,177272
1647,188508,176939
1664,187960,176688
1807,187539,176480
1773,187226,176364
1701,187051,176275
1590,186951,176251
1505,186927,176251
1408,186959,176286
1375,187055,176336
1488,187166,176399
1443,187300,176473
1375,187425,176540
1654,187549,176604
1472,187638,176650
1634,187711,176691
1533,187765,176710
1712,187805,176743
1650,187874,176772
1686,187964,176835
1455,188066,176875
1702,188139,176928
1477,188180,176943
1557,188203,176956
1474,188200,176943
1666,188171,176929
1520,188118,176915
1689,188083,176884
1578,188035,176859
1685,187992,176832
1504,187983,176850
1767,188008,176853
1744,188047,176889
1774,188129,176938
1675,188217,176978
1777,188334,177031
1723,188457,177091
1744,188594,177156
1586,188746,177221
1699,188883,177309
1647,189039,177367
1759,189205,177444
1673,189354,177517
1780,189499,177588
1646,189653,177654
1842,189793,177730
2042,189917,177786
2896,190039,177833
2638,190131,177877
1833,190222,177909
1486,190278,177953
1611,190363,177973
1587,190408,178006
1698,190484,178030
1647,190527,178054
1707,190598,178076
1706,190668,178107
1847,190750,178145
1776,190820,178182
1818,190903,178210
1808,190992,178241
1891,191062,178285
1774,191158,178311
1918,191225,178353
1808,191271,178361
2010,191213,178322
1973,190894,178122
2047,190203,177771
2023,189432,177354
1963,188682,177011
2019,188103,176732
1949,187651,176513
1862,187332,176388
1803,187131,176301
1685,187000,176272
1714,186981,176265
1481,186989,176299
1555,187063,176330
1403,187153,176391
1429,187282,176443
1440,187387,176496
1525,187484,176551
1554,187540,176584
1456,187589,176593
1535,187611,176601
1504,187634,176611
1580,187680,176648
1642,187747,176698
1607,187843,176736
1587,187944,176810
1640,188020,176826
1575,188054,176867
1626,188072,176859
1637,188047,176849
1613,188004,176815
1600,187960,176791
1693,187907,176766
1638,187862,176732
1719,187853,176734
1639,187877,176747
1803,187924,176791
1751,188013,176832
1953,188105,176887
1755,188224,176941
1879,188322,177003
1790,188457,177071
1818,188615,177137
1729,188766,177202
1741,188908,177288
1648,189070,177362
1674,189220,177426
1664,189356,177487
1813,189498,177559
1693,189618,177616
1839,189735,177667
1835,189850,177722
2267,189967,177766
2928,190041,177803
2756,190127,177835
1671,190204,177879
1670,190311,177923
1577,190393,177963
1690,190493,177989
1631,190559,178036
1883,190645,178064
1792,190703,178095
1883,190792,178134
1740,190878,178171
1872,190980,178231
1790,191110,178278
2107,191244,178354
1987,191410,178409
1979,191552,178491
1945,191717,178554
2085,191778,178594
1927,191718,178535
2085,191335,178319
2047,190583,177918
2229,189689,177470
2151,188900,177084
2227,188280,176796
2222,187833,176595
2197,187541,176454
2165,187353,176410
2125,187294,176372
1973,187298,176399
1917,187366,176431
1744,187478,176503
1713,187641,176583
1767,187801,176671
1778,187960,176738
1745,188096,176806
1908,188200,176865
1791,188290,176894
1778,188343,176927
1871,188413,176962
1814,188485,177014
1933,188618,177066
1778,188713,177146
1808,188816,177173
1739,188848,177202
1616,188864,177194
1585,188843,177186
1642,188814,177162
1598,188756,177144
1584,188726,177120
1533,188685,177107
1567,188670,177097
1531,188675,177096
1535,188692,177127
1463,188756,177138
1623,188816,177194
1566,188922,177233
1622,189044,177303
1664,189195,177363
1723,189346,177437
1607,189500,177534
1565,189680,177598
1566,189852,177684
1583,190032,177771
1556,190208,177841
1586,190373,177929
1600,190520,177998
1744,190679,178057
1535,190800,178132
1871,190934,178176
2321,191021,178224
2835,191134,178268
1909,191199,178309
1410,191284,178328
1243,191341,178360
1434,191390,178386
1314,191445,178397
1535,191480,178427
1494,191515,178418
1523,191532,178443
1575,191557,178428
1766,191560,178431
1611,191585,178430
1638,191612,178444
1628,191673,178475
1717,191767,178516
1680,191853,178560
1835,191946,178581
1682,191971,178605
1841,191869,178512
1685,191403,178266
1858,190632,177853
1786,189775,177428
1881,189061,177062
1834,188482,176792
1965,188064,176584
1831,187761,176460
1954,187595,176393
1699,187529,176362
1717,187515,176384
1558,187591,176426
1657,187681,176491
1611,187833,176551
1673,187974,176632
1586,188114,176696
1771,188226,176749
1690,188330,176795
1764,188395,176817
1690,188436,176845
1881,188514,176878
1729,188594,176916
1753,188700,176957
1808,188759,177011
1751,188793,177010
1770,188770,177017
1777,188729,176974
1808,188660,176939
1808,188581,176901
1776,188515,176862
1822,188454,176833
1777,188410,176792
1794,188380,176784
1817,188383,176780
1853,188384,176788
1893,188448,176810
1857,188519,176860
1968,188615,176901
1891,188721,176976
1929,188859,177049
1866,189018,177123
1857,189175,177202
1715,189331,177272
1673,189482,177344
1733,189608,177397
1751,189728,177468
1815,189871,177518
1869,189981,177585
1711,190106,177626
1776,190194,177680
1907,190293,177710
2737,190373,177753
2622,190441,177762
1690,190504,177801
1394,190577,177832
1494,190628,177861
1426,190690,177895
1587,190761,177919
1450,190806,177951
1717,190870,177974
1678,190932,178007
1679,190986,178011
1681,191035,178047
1788,191089,178058
1585,191161,178095
1792,191268,178140
1747,191391,178199
1998,191522,178256
1846,191626,178301
1987,191671,178331
1945,191569,178254
1998,191134,178013
1951,190427,177621
2096,189643,177256
2017,189003,176925
2061,188475,176692
2163,188095,176499
2129,187823,176391
1909,187682,176347
1990,187637,176333
1840,187641,176353
1863,187713,176392
1714,187826,176465
1903,187998,176542
1841,188145,176635
1875,188308,176721
1851,188455,176801
1918,188607,176871
1856,188723,176932
1827,188842,176971
1778,188940,177041
1874,189078,177097
1683,189193,177163
1822,189253,177186
1680,189256,177189
1721,189213,177164
1630,189147,177123
1670,189057,177071
1574,188944,177019
1684,188842,176962
1653,188766,176922
1618,188693,176886
1728,188664,176863
1710,188635,176872
1744,188679,176871
1759,188726,176916
1729,188828,176967
1750,188915,177027
1600,189049,177084
1615,189174,177157
1573,189312,177208
1429,189440,177278
1504,189580,177341
1587,189733,177420
1563,189872,177484
1600,190017,177547
1670,190139,177614
1781,190271,177666
2244,190368,177725
2722,190473,177750
1829,190552,177801
1360,190625,177818
1359,190688,177855
1470,190738,177869
1471,190782,177885
1526,190820,177896
1584,190839,177903
1697,190867,177913
1631,190893,177942
1553,190934,177954
1781,191004,177971
1659,191067,178012
1789,191147,178047
1714,191233,178103
1787,191345,178142
1776,191433,178185
1872,191486,178194
1786,191415,178164
1862,191067,177957
1947,190435,177603
1914,189689,177226
1863,189028,176907
1989,188488,176651
1879,188086,176446
1958,187780,176337
1746,187618,176253
1815,187525,176237
1607,187521,176232
1725,187555,176277
1535,187649,176324
1646,187768,176402
1586,187909,176477
1648,188066,176560
1535,188194,176622
1776,188309,176676
1690,188378,176725
1713,188449,176741
1707,188513,176782
1741,188597,176821
1706,188688,176872
1730,188784,176908
1666,188814,176929
1791,188815,176912
1663,188772,176894
1731,188722,176884
1698,188664,176825
1766,188575,176801
1531,188515,176753
1801,188453,176739
1735,188431,176710
1950,188400,176713
1712,188438,176722
1814,188481,176751
1915,188552,176795
1819,188646,176845
1713,188771,176909
1758,188925,176981
1647,189075,177073
1733,189251,177143
1687,189426,177235
1753,189601,177321
1719,189759,177404
1737,189923,177475
1823,190063,177540
2089,190195,177598
2843,190331,177666
2667,190449,177718
1663,190562,177769
1563,190672,177826
1495,190774,177872
1581,190858,177909
1682,190945,177941
1724,191007,177974
1605,191056,177993
1680,191109,178026
1746,191163,178043
1814,191220,178062
1779,191281,178101
1664,191368,178143
1851,191467,178185
1802,191579,178225
1776,191663,178275
1840,191749,178310
1855,191729,178298
1884,191495,178146
1894,190889,177826
1885,190081,177418
2022,189304,177040
1966,188686,176736
1946,188217,176516
1913,187877,176355
2018,187679,176266
1859,187553,176238
1760,187511,176218
1693,187541,176242
1763,187621,176296
1535,187734,176370
1747,187882,176420
1660,188019,176503
1776,188146,176573
1680,188240,176611
1764,188306,176643
1726,188361,176673
1918,188402,176699
1712,188459,176719
1757,188535,176765
1750,188649,176813
1773,188712,176859
1691,188762,176863
1719,188759,176877
1681,188740,176847
1729,188685,176825
1629,188636,176789
1776,188563,176762
1616,188502,176728
1791,188468,176708
1773,188450,176707
1854,188455,176701
1807,188494,176721
1843,188551,176757
1778,188629,176797
1789,188722,176840
1570,188842,176905
1758,188986,176963
1599,189120,177038
1684,189281,177107
1601,189424,177200
1808,189588,177266
1616,189728,177345
1741,189882,177409
1865,190001,177465
2227,190140,177523
2852,190257,177579
2559,190374,177634
1566,190486,177680
1431,190579,177718
1443,190646,177753
1600,190705,177789
1643,190759,177812
1704,190807,177834
1727,190877,177864
1878,190927,177891
1951,191015,177912
2058,191077,177959
2076,191166,177998
2323,191255,178039
2450,191348,178075
2595,191448,178117
2559,191548,178178
2674,191620,178188
2727,191566,178161
2854,191231,177954
2934,190546,177598
2927,189736,177180
2957,188991,176824
2998,188416,176532
2977,187983,176342
2896,187697,176211
2833,187508,176151
2640,187444,176113
2597,187441,176134
2405,187486,176175
2352,187580,176226
2288,187713,176295
2303,187853,176364
2183,187983,176433
2256,188103,176490
2246,188178,176527
2345,188226,176555
2260,188258,176579
2313,188329,176607
2149,188386,176646
2276,188505,176703
2154,188606,176764
2177,188699,176813
2054,188746,176836
2102,188749,176835
2019,188735,176820
1921,188697,176794
1783,188654,176770
1819,188607,176760
1645,188585,176728
1599,188575,176730
1646,188589,176728
1749,188627,176772
1824,188706,176793
1854,188798,176854
1815,188922,176923
1971,189056,176992
1946,189211,177068
1948,189385,177151
1887,189560,177235
1967,189731,177318
1861,189913,177405
1997,190080,177472
1875,190218,177548
2032,190336,177589
1869,190442,177644
2160,190548,177666
2559,190628,177732
3275,190759,177778
2282,190843,177833
1767,190946,177861
1747,191013,177899
1872,191091,177944
1761,191147,177962
2064,191181,177972
1887,191200,177981
1997,191210,177995
1941,191245,177997
2154,191314,178040
2006,191391,178070
2038,191492,178127
1958,191630,178180
2095,191781,178264
1931,191964,178343
2112,192117,178424
1971,192204,178443
1919,192121,178374
1893,191636,178106
1836,190802,177662
1733,189865,177181
1759,189078,176785
1691,188484,176498
1837,188063,176277
1645,187769,176173
1648,187618,176115
1422,187560,176128
1382,187620,176166
1281,187693,176232
1326,187836,176309
1234,188003,176402
1371,188174,176484
1354,188319,176559
1328,188436,176625
1418,188512,176642
1498,188560,176666
1473,188612,176679
1515,188667,176707
1490,188766,176740
1552,188871,176818
1614,188970,176850
1557,188997,176881
1535,189029,176883
1552,189001,176876
1590,188936,176847
1489,188870,176803
1491,188762,176749
1584,188676,176694
1734,188613,176670
1535,188593,176652
1659,188588,176663
1718,188640,176691
1715,188694,176736
1644,188803,176768
1733,188911,176858
1648,189046,176911
1569,189190,176990
1555,189348,177067
1647,189486,177134
1554,189633,177208
1633,189763,177258
1614,189888,177330
1740,190007,177377
1626,190124,177438
1814,190250,177491
2091,190348,177548
2936,190450,177582
2226,190523,177627
1625,190611,177668
1450,190673,177689
1699,190725,177713
1623,190754,177734
1882,190795,177747
1823,190819,177744
1974,190851,177765
1877,190890,177778
1978,190927,177801
1921,190994,177816
2040,191063,177872
2006,191182,177909
2087,191305,177978
2047,191443,178055
2165,191575,178111
2115,191646,178137
2219,191581,178095
2096,191192,177880
2320,190473,177488
2173,189646,177075
2286,188934,176700
2287,188359,176455
2330,187960,176253
2198,187680,176141
2301,187526,176075
2128,187467,176063
2125,187481,176085
1921,187545,176128
1919,187659,176185
1919,187765,176251
1979,187896,176320
1923,188011,176359
1936,188089,176417
1857,188139,176430
1773,188179,176472
1795,188203,176461
1811,188241,176495
1737,188318,176530
1791,188405,176577
1675,188500,176633
1770,188563,176660
1641,188592,176680
1711,188586,176669
1706,188541,176643
1627,188491,176599
1700,188412,176569
1661,188351,176509
1525,188299,176492
1535,188273,176476
1629,188272,176480
1632,188288,176490
1658,188328,176517
1586,188409,176556
1621,188507,176609
1584,188609,176679
1557,188748,176740
1467,188871,176820
1421,189034,176882
1416,189173,176950
1341,189316,177014
1302,189432,177080
1423,189564,177138
1216,189682,177181
1279,189800,177231
1357,189893,177288
1485,190017,177343
2103,190123,177390
2114,190211,177442
977,190315,177462
915,190370,177515
903,190430,177528
1023,190479,177560
958,190544,177578
1002,190584,177605
1002,190656,177633
1090,190713,177661
1098,190777,177685
1086,190839,177714
931,190924,177753
1123,191034,177788
995,191104,177844
1181,191244,177883
1056,191348,177950
1168,191443,177989
1139,191407,177984
1239,191107,177776
1123,190401,177418
1215,189569,176982
1134,188820,176628
1409,188227,176348
1239,187791,176144
1329,187489,176004
1135,187313,175934
1137,187227,175915
1008,187225,175908
1042,187261,175954
851,187354,175999
1079,187478,176074
966,187590,176123
1049,187691,176182
991,187778,176222
1168,187844,176252
1008,187862,176254
1168,187886,176273
1135,187911,176292
1193,187974,176327
1234,188059,176389
1314,188189,176441
1232,188270,176487
1286,188330,176508
1360,188357,176526
1439,188364,176527
1349,188324,176511
1502,188288,176483
1425,188247,176466
1533,188215,176446
1437,188203,176444
1529,188205,176447
1553,188242,176468
1584,188299,176506
1600,188386,176536
1659,188472,176598
1682,188591,176645
1717,188714,176708
1637,188859,176777
1687,189022,176865
1736,189207,176958
1703,189376,177028
1555,189532,177098
1605,189680,177166
1664,189808,177240
1680,189954,177296
1682,190080,177358
1649,190204,177407
1710,190299,177465
1673,190394,177507
1838,190465,177526
2130,190533,177551
2891,190577,177580
2507,190610,177593
1535,190656,177613
1498,190684,177633
1559,190731,177633
1616,190745,177655
1595,190782,177652
1644,190805,177665
1681,190870,177681
1648,190921,177711
1776,190997,177739
1611,191088,177784
1749,191195,177826
1604,191327,177900
1659,191503,177973
1504,191671,178057
1636,191834,178130
1493,191951,178175
1589,191892,178143
1361,191485,177897
1485,190660,177469
1385,189735,176995
1458,188916,176606
1378,188306,176306
1533,187860,176102
1392,187567,175972
1433,187401,175907
1290,187340,175891
1265,187347,175907
1117,187402,175960
1186,187515,176005
1051,187622,176077
1184,187750,176132
1183,187849,176197
1269,187949,176231
1206,187988,176264
1370,188011,176272
1376,188025,176280
1535,188055,176298
1382,188116,176331
1590,188226,176394
1616,188324,176432
1641,188372,176470
1655,188414,176485
1805,188401,176494
1759,188392,176472
1980,188334,176450
1921,188262,176405
2110,188202,176376
2123,188154,176347
2413,188123,176327
2192,188106,176321
2675,188150,176339
2559,188188,176371
2618,188256,176401
2724,188350,176472
2927,188480,176512
2779,188588,176587
2823,188736,176640
2899,188859,176714
2880,188989,176774
2688,189109,176828
2773,189236,176884
2734,189354,176940
2672,189461,177008
2741,189589,177049
2828,189668,177112
2743,189762,177134
2847,189822,177172
2880,189861,177185
3221,189878,177193
4095,189905,177197
4095,189937,177220
2672,189964,177228
2613,189980,177232
2634,190011,177253
2697,190049,177254
2785,190080,177276
2787,190125,177279
2709,190168,177318
2893,190245,177329
2713,190298,177374
2822,190393,177406
2714,190488,177449
2689,190603,177497
2736,190724,177564
2631,190829,177602
2689,190937,177642
2672,190974,177669
2703,190911,177618
2751,190555,177408
2748,189889,177041
2761,189098,176651
2809,188422,176298
2779,187854,176036
2736,187416,175834
2687,187104,175695
2659,186908,175626
2490,186783,175576
2465,186742,175571
2267,186754,175589
2315,186797,175629
2197,186870,175658
2319,186940,175707
2154,187017,175743
2283,187050,175770
2171,187080,175779
2113,187095,175792
2077,187093,175790
2127,187118,175810
2125,187154,175828
2135,187240,175866
2021,187317,175921
2173,187384,175945
1958,187402,175975
2031,187428,175970
1884,187398,175981
1950,187374,175945
1931,187330,175918
1996,187295,175893
1834,187281,175887
1904,187267,175881
1877,187268,175889
1840,187300,175910
1782,187356,175935
1879,187433,175986
1730,187523,176015
1805,187616,176085
1776,187750,176136
1795,187868,176202
1554,188011,176272
1610,188144,176336
1459,188276,176403
1535,188411,176452
1453,188525,176508
1563,188628,176561
1362,188720,176598
1535,188818,176641
1530,188916,176689
1747,188994,176716
2032,189064,176769
2606,189163,176801
1613,189251,176846
1123,189307,176867
1142,189370,176912
1284,189454,176936
1301,189526,176971
1364,189582,176992
1328,189625,177022
1291,189709,177061
1303,189791,177095
1361,189895,177160
1321,190032,177202
1430,190151,177278
1383,190281,177318
1407,190400,177392
1415,190513,177423
1425,190580,177458
1392,190574,177431
1510,190369,177310
1477,189831,177006
1535,189069,176609
1648,188327,176249
1625,187722,175951
1600,187253,175730
1520,186904,175571
1584,186665,175474
1472,186551,175422
1484,186486,175423
1351,186493,175434
1328,186526,175466
1263,186619,175506
1251,186688,175571
1328,186785,175611
1401,186850,175649
1349,186899,175666
1385,186936,175691
1456,186932,175694
1481,186933,175700
1346,186979,175719
1322,187033,175763
1557,187131,175811
1360,187193,175848
1501,187247,175885
1491,187283,175887
1345,187273,175899
1441,187259,175863
1264,187226,175857
1362,187197,175832
1257,187177,175829
1535,187174,175813
1318,187173,175826
1425,187213,175831
1334,187251,175871
1429,187325,175905
1346,187416,175954
1616,187528,176015
1331,187661,176074
1510,187784,176148
1458,187925,176206
1493,188064,176281
1217,188228,176340
1403,188377,176428
1306,188540,176488
1347,188687,176575
1361,188830,176639
1418,188961,176708
1311,189070,176768
1449,189176,176808
1455,189284,176849
1931,189374,176898
2434,189469,176947
1805,189555,176984
1004,189652,177037
1104,189744,177066
1136,189808,177102
1279,189885,177118
1229,189953,177163
1258,190036,177182
1287,190108,177227
1357,190190,177266
1346,190286,177304
1454,190388,177345
1417,190504,177408
1456,190641,177473
1334,190794,177535
1402,190943,177621
1390,191095,177675
1482,191169,177723
1475,191089,177652
1557,190612,177403
1478,189829,176962
1569,188954,176537
1497,188226,176178
1578,187664,175920
1575,187262,175728
1626,187018,175622
1555,186876,175588
1463,186821,175554
1363,186844,175592
1306,186931,175633
1346,187039,175709
1299,187199,175796
1287,187346,175870
1355,187491,175938
1419,187614,175994
1424,187675,176034
1477,187695,176052
1494,187733,176066
1507,187775,176081
1474,187855,176133
1522,187961,176178
1457,188040,176228
1488,188116,176262
1493,188145,176302
1531,188160,176293
1445,188132,176285
1583,188094,176265
1389,188062,176249
1600,188017,176224
1489,188005,176228
1573,188025,176231
1570,188070,176260
1664,188136,176301
1507,188243,176358
1686,188364,176423
1535,188509,176482
1743,188675,176584
1535,188878,176669
1690,189067,176781
1665,189284,176872
1642,189478,176980
1485,189693,177061
1535,189885,177161
1415,190065,177244
1535,190216,177319
1281,190363,177392
1470,190510,177451
1296,190648,177520
1504,190788,177589
1510,190933,177665
2011,191075,177725
2510,191207,177805
1799,191353,177851
1006,191463,177918
1134,191560,177950
1089,191622,177991
1354,191703,177997
1296,191746,178033
1398,191796,178058
1447,191866,178104
1456,191976,178136
1445,192088,178197
1563,192236,178264
1418,192382,178338
1679,192540,178409
1571,192706,178485
1675,192873,178567
1694,193033,178624
1730,193109,178673
1687,193059,178612
1770,192572,178347
1751,191643,177859
1827,190531,177316
1875,189547,176845
1882,188845,176506
1763,188362,176279
1885,188075,176150
1879,187947,176107
1779,187946,176110
1693,188003,176159
1746,188149,176225
1535,188307,176327
1610,188516,176417
1584,188709,176521
1634,188912,176629
1691,189074,176714
1663,189215,176767
1695,189312,176812
1730,189396,176880
1705,189515,176922
1750,189648,177007
1709,189798,177070
1733,189903,177128
1838,189937,177126
1846,189905,177113
1791,189861,177079
1861,189771,177049
1778,189677,176963
1872,189549,176920
1870,189476,176876
1843,189426,176861
1912,189415,176860
1875,189439,176879
1968,189506,176915
1910,189602,176965
1982,189706,177031
2068,189854,177092
2043,190012,177174
1951,190198,177264
2028,190406,177380
1920,190620,177470
1969,190755,177538
1805,190870,177574
1922,190994,177644
1878,191129,177714
1856,191301,177799
1783,191461,177869
1930,191599,177942
1840,191744,178020
1904,191875,178088
2103,191984,178134
2961,192066,178154
2641,192090,178169
1806,192092,178149
1611,192084,178141
1648,192096,178140
1600,192127,178175
1872,192183,178196
1829,192247,178241
1818,192343,178286
1808,192449,178335
1911,192538,178392
1777,192618,178422
1789,192705,178458
1887,192816,178494
1989,192906,178542
1839,193024,178597
1979,193126,178646
1857,193224,178680
2026,193234,178684
1872,193013,178539
2069,192360,178186
1999,191366,177686
2033,190367,177189
1937,189565,176812
2160,188977,176537
2030,188598,176359
2064,188384,176267
1840,188274,176237
2091,188290,176246
1840,188339,176288
1766,188472,176350
1783,188621,176451
1759,188789,176520
1712,188950,176606
1680,189114,176688
1883,189241,176756
1871,189330,176809
1815,189403,176834
1856,189466,176882
1857,189568,176913
1935,189661,176973
1757,189777,177025
1847,189832,177062
1722,189861,177052
1831,189823,177052
1776,189775,177010
1870,189663,176961
1835,189576,176903
1849,189482,176846
1751,189407,176811
1875,189360,176795
1810,189347,176791
1789,189373,176808
1920,189428,176860
1902,189522,176885
1963,189627,176962
1860,189774,177012
1975,189905,177084
1853,190055,177148
1886,190198,177226
1743,190361,177296
1686,190508,177372
1755,190638,177442
1699,190778,177500
1774,190907,177563
1882,191034,177616
1690,191123,177670
1872,191222,177711
2192,191304,177760
2911,191412,177808
2403,191501,177853
1657,191600,177893
1535,191673,177946
1501,191773,177983
1611,191844,178015
1698,191912,178034
1535,191955,178057
1714,191988,178067
1715,192025,178084
1783,192070,178118
1661,192153,178140
1873,192241,178195
1767,192357,178230
1865,192481,178299
1847,192611,178361
2019,192714,178411
2021,192803,178443
2017,192745,178401
2000,192354,178193
2096,191568,177767
1937,190573,177264
2113,189723,176832
2090,189045,176535
2117,188571,176296
1999,188248,176158
2090,188091,176089
1839,188011,176071
1925,188027,176097
1718,188075,176125
1823,188183,176193
1653,188333,176262
1744,188464,176347
1717,188601,176401
1855,188707,176481
1718,188775,176502
1968,188816,176521
1776,188838,176519
1813,188860,176540
1826,188919,176581
1903,189015,176624
1733,189124,176687
1878,189206,176727
1803,189234,176742
1825,189248,176739
1709,189220,176733
1846,189188,176710
1703,189129,176689
1843,189090,176652
1706,189048,176645
1787,189019,176628
1745,189021,176626
1846,189045,176634
1759,189104,176663
1893,189173,176722
1888,189285,176756
1917,189406,176834
1812,189561,176896
1882,189720,176988
1822,189904,177076
1744,190079,177174
1690,190267,177245
1744,190410,177317
1744,190548,177381
1689,190654,177428
1744,190759,177468
1636,190855,177509
1698,190954,177574
1903,191072,177617
2108,191171,177668
2811,191277,177716
2601,191363,177768
1535,191450,177785
1486,191485,177825
1462,191537,177830
1616,191572,177837
1582,191580,177856
1707,191611,177852
1593,191647,177868
1806,191728,177912
1707,191817,177956
1726,191949,178019
1737,192099,178098
1852,192286,178175
1797,192471,178271
1803,192674,178358
1966,192821,178445
1935,192945,178486
1823,192875,178438
2037,192410,178189
1889,191514,177704
1895,190432,177171
2071,189522,176711
2064,188835,176392
2047,188355,176155
2073,188037,176031
1866,187853,175948
1927,187765,175922
1700,187753,175924
1753,187810,175952
1531,187911,176019
1614,188041,176081
1515,188156,176147
1710,188280,176199
1597,188376,176252
1681,188456,176287
1657,188487,176314
1799,188532,176319
1605,188552,176336
1855,188605,176365
1618,188696,176426
1879,188791,176473
1664,188866,176505
1815,188896,176515
1743,188912,176523
1823,188891,176500
1678,188853,176485
1757,188811,176452
1646,188754,176421
1698,188717,176415
1652,188706,176399
1759,188697,176407
1584,188747,176431
1839,188813,176476
1680,188897,176528
1777,189016,176585
1754,189166,176659
1822,189315,176736
1744,189490,176818
1771,189648,176903
1590,189829,176986
1710,190004,177068
1573,190185,177168
1636,190360,177232
1579,190518,177326
1658,190682,177395
1689,190809,177457
1617,190938,177501
1729,191057,177574
1979,191218,177639
2885,191340,177693
2282,191413,177731
1392,191472,177751
1477,191528,177792
1465,191612,177811
1436,191654,177845
1590,191683,177852
1530,191737,177883
1611,191817,177912
1605,191907,177966
1792,192024,178014
1680,192128,178079
1715,192252,178128
1746,192366,178172
1837,192477,178222
1808,192581,178239
1838,192661,178290
1915,192718,178301
1877,192657,178269
1794,192261,178036
1898,191447,177624
1855,190456,177113
1980,189561,176700
1905,188898,176382
2005,188424,176158
1938,188129,176025
1918,187972,175951
1724,187914,175947
1723,187942,175955
1600,188023,176021
1686,188167,176077
1663,188319,176176
1667,188507,176264
1683,188687,176353
1719,188853,176441
1757,188995,176517
1795,189078,176556
1759,189156,176587
1843,189233,176635
1744,189327,176670
1802,189453,176742
1771,189548,176790
